0.0000000000000000
0.0062831853071796
0.0125663706143592
0.0188495559215388
0.0251327412287183
0.0314159265358979
0.0376991118430775
0.0439822971502571
0.0502654824574367
0.0565486677646163
0.0628318530717959
0.0691150383789754
0.0753982236861550
0.0816814089933346
0.0879645943005142
0.0942477796076938
0.1005309649148734
0.1068141502220529
0.1130973355292325
0.1193805208364121
0.1256637061435917
0.1319468914507713
0.1382300767579509
0.1445132620651305
0.1507964473723100
0.1570796326794896
0.1633628179866692
0.1696460032938488
0.1759291886010284
0.1822123739082080
0.1884955592153875
0.1947787445225671
0.2010619298297467
0.2073451151369263
0.2136283004441059
0.2199114857512855
0.2261946710584651
0.2324778563656446
0.2387610416728242
0.2450442269800038
0.2513274122871834
0.2576105975943630
0.2638937829015426
0.2701769682087222
0.2764601535159018
0.2827433388230813
0.2890265241302609
0.2953097094374405
0.3015928947446201
0.3078760800517997
0.3141592653589793
0.3204424506661588
0.3267256359733384
0.3330088212805180
0.3392920065876976
0.3455751918948772
0.3518583772020568
0.3581415625092363
0.3644247478164159
0.3707079331235955
0.3769911184307751
0.3832743037379547
0.3895574890451343
0.3958406743523138
0.4021238596594934
0.4084070449666730
0.4146902302738526
0.4209734155810322
0.4272566008882118
0.4335397861953914
0.4398229715025709
0.4461061568097505
0.4523893421169301
0.4586725274241097
0.4649557127312893
0.4712388980384689
0.4775220833456484
0.4838052686528280
0.4900884539600076
0.4963716392671872
0.5026548245743668
0.5089380098815465
0.5152211951887261
0.5215043804959058
0.5277875658030854
0.5340707511102650
0.5403539364174447
0.5466371217246243
0.5529203070318039
0.5592034923389836
0.5654866776461632
0.5717698629533429
0.5780530482605225
0.5843362335677021
0.5906194188748818
0.5969026041820614
0.6031857894892411
0.6094689747964207
0.6157521601036003
0.6220353454107800
0.6283185307179596
0.6346017160251393
0.6408849013323189
0.6471680866394985
0.6534512719466782
0.6597344572538578
0.6660176425610375
0.6723008278682171
0.6785840131753967
0.6848671984825764
0.6911503837897560
0.6974335690969357
0.7037167544041153
0.7099999397112949
0.7162831250184746
0.7225663103256542
0.7288494956328339
0.7351326809400135
0.7414158662471931
0.7476990515543728
0.7539822368615524
0.7602654221687321
0.7665486074759117
0.7728317927830913
0.7791149780902710
0.7853981633974506
0.7916813487046302
0.7979645340118099
0.8042477193189895
0.8105309046261692
0.8168140899333488
0.8230972752405284
0.8293804605477081
0.8356636458548877
0.8419468311620674
0.8482300164692470
0.8545132017764266
0.8607963870836063
0.8670795723907859
0.8733627576979656
0.8796459430051452
0.8859291283123248
0.8922123136195045
0.8984954989266841
0.9047786842338638
0.9110618695410434
0.9173450548482230
0.9236282401554027
0.9299114254625823
0.9361946107697620
0.9424777960769416
0.9487609813841212
0.9550441666913009
0.9613273519984805
0.9676105373056602
0.9738937226128398
0.9801769079200194
0.9864600932271991
0.9927432785343787
0.9990264638415584
1.0053096491487379
1.0115928344559175
1.0178760197630972
1.0241592050702768
1.0304423903774564
1.0367255756846361
1.0430087609918157
1.0492919462989954
1.0555751316061750
1.0618583169133546
1.0681415022205343
1.0744246875277139
1.0807078728348936
1.0869910581420732
1.0932742434492528
1.0995574287564325
1.1058406140636121
1.1121237993707918
1.1184069846779714
1.1246901699851510
1.1309733552923307
1.1372565405995103
1.1435397259066900
1.1498229112138696
1.1561060965210492
1.1623892818282289
1.1686724671354085
1.1749556524425881
1.1812388377497678
1.1875220230569474
1.1938052083641271
1.2000883936713067
1.2063715789784863
1.2126547642856660
1.2189379495928456
1.2252211349000253
1.2315043202072049
1.2377875055143845
1.2440706908215642
1.2503538761287438
1.2566370614359235
1.2629202467431031
1.2692034320502827
1.2754866173574624
1.2817698026646420
1.2880529879718217
1.2943361732790013
1.3006193585861809
1.3069025438933606
1.3131857292005402
1.3194689145077199
1.3257520998148995
1.3320352851220791
1.3383184704292588
1.3446016557364384
1.3508848410436181
1.3571680263507977
1.3634512116579773
1.3697343969651570
1.3760175822723366
1.3823007675795163
1.3885839528866959
1.3948671381938755
1.4011503235010552
1.4074335088082348
1.4137166941154145
1.4199998794225941
1.4262830647297737
1.4325662500369534
1.4388494353441330
1.4451326206513126
1.4514158059584923
1.4576989912656719
1.4639821765728516
1.4702653618800312
1.4765485471872108
1.4828317324943905
1.4891149178015701
1.4953981031087498
1.5016812884159294
1.5079644737231090
1.5142476590302887
1.5205308443374683
1.5268140296446480
1.5330972149518276
1.5393804002590072
1.5456635855661869
1.5519467708733665
1.5582299561805462
1.5645131414877258
1.5707963267949054
1.5770795121020851
1.5833626974092647
1.5896458827164444
1.5959290680236240
1.6022122533308036
1.6084954386379833
1.6147786239451629
1.6210618092523426
1.6273449945595222
1.6336281798667018
1.6399113651738815
1.6461945504810611
1.6524777357882408
1.6587609210954204
1.6650441064026000
1.6713272917097797
1.6776104770169593
1.6838936623241390
1.6901768476313186
1.6964600329384982
1.7027432182456779
1.7090264035528575
1.7153095888600371
1.7215927741672168
1.7278759594743964
1.7341591447815761
1.7404423300887557
1.7467255153959353
1.7530087007031150
1.7592918860102946
1.7655750713174743
1.7718582566246539
1.7781414419318335
1.7844246272390132
1.7907078125461928
1.7969909978533725
1.8032741831605521
1.8095573684677317
1.8158405537749114
1.8221237390820910
1.8284069243892707
1.8346901096964503
1.8409732950036299
1.8472564803108096
1.8535396656179892
1.8598228509251689
1.8661060362323485
1.8723892215395281
1.8786724068467078
1.8849555921538874
1.8912387774610671
1.8975219627682467
1.9038051480754263
1.9100883333826060
1.9163715186897856
1.9226547039969653
1.9289378893041449
1.9352210746113245
1.9415042599185042
1.9477874452256838
1.9540706305328635
1.9603538158400431
1.9666370011472227
1.9729201864544024
1.9792033717615820
1.9854865570687616
1.9917697423759413
1.9980529276831209
2.0043361129903006
2.0106192982974802
2.0169024836046598
2.0231856689118395
2.0294688542190191
2.0357520395261988
2.0420352248333784
2.0483184101405580
2.0546015954477377
2.0608847807549173
2.0671679660620970
2.0734511513692766
2.0797343366764562
2.0860175219836359
2.0923007072908155
2.0985838925979952
2.1048670779051748
2.1111502632123544
2.1174334485195341
2.1237166338267137
2.1299998191338934
2.1362830044410730
2.1425661897482526
2.1488493750554323
2.1551325603626119
2.1614157456697916
2.1676989309769712
2.1739821162841508
2.1802653015913305
2.1865484868985101
2.1928316722056898
2.1991148575128694
2.2053980428200490
2.2116812281272287
2.2179644134344083
2.2242475987415880
2.2305307840487676
2.2368139693559472
2.2430971546631269
2.2493803399703065
2.2556635252774861
2.2619467105846658
2.2682298958918454
2.2745130811990251
2.2807962665062047
2.2870794518133843
2.2933626371205640
2.2996458224277436
2.3059290077349233
2.3122121930421029
2.3184953783492825
2.3247785636564622
2.3310617489636418
2.3373449342708215
2.3436281195780011
2.3499113048851807
2.3561944901923604
2.3624776754995400
2.3687608608067197
2.3750440461138993
2.3813272314210789
2.3876104167282586
2.3938936020354382
2.4001767873426179
2.4064599726497975
2.4127431579569771
2.4190263432641568
2.4253095285713364
2.4315927138785161
2.4378758991856957
2.4441590844928753
2.4504422698000550
2.4567254551072346
2.4630086404144143
2.4692918257215939
2.4755750110287735
2.4818581963359532
2.4881413816431328
2.4944245669503124
2.5007077522574921
2.5069909375646717
2.5132741228718514
2.5195573081790310
2.5258404934862106
2.5321236787933903
2.5384068641005699
2.5446900494077496
2.5509732347149292
2.5572564200221088
2.5635396053292885
2.5698227906364681
2.5761059759436478
2.5823891612508274
2.5886723465580070
2.5949555318651867
2.6012387171723663
2.6075219024795460
2.6138050877867256
2.6200882730939052
2.6263714584010849
2.6326546437082645
2.6389378290154442
2.6452210143226238
2.6515041996298034
2.6577873849369831
2.6640705702441627
2.6703537555513424
2.6766369408585220
2.6829201261657016
2.6892033114728813
2.6954864967800609
2.7017696820872406
2.7080528673944202
2.7143360527015998
2.7206192380087795
2.7269024233159591
2.7331856086231388
2.7394687939303184
2.7457519792374980
2.7520351645446777
2.7583183498518573
2.7646015351590369
2.7708847204662166
2.7771679057733962
2.7834510910805759
2.7897342763877555
2.7960174616949351
2.8023006470021148
2.8085838323092944
2.8148670176164741
2.8211502029236537
2.8274333882308333
2.8337165735380130
2.8399997588451926
2.8462829441523723
2.8525661294595519
2.8588493147667315
2.8651325000739112
2.8714156853810908
2.8776988706882705
2.8839820559954501
2.8902652413026297
2.8965484266098094
2.9028316119169890
2.9091147972241687
2.9153979825313483
2.9216811678385279
2.9279643531457076
2.9342475384528872
2.9405307237600669
2.9468139090672465
2.9530970943744261
2.9593802796816058
2.9656634649887854
2.9719466502959651
2.9782298356031447
2.9845130209103243
2.9907962062175040
2.9970793915246836
3.0033625768318633
3.0096457621390429
3.0159289474462225
3.0222121327534022
3.0284953180605818
3.0347785033677614
3.0410616886749411
3.0473448739821207
3.0536280592893004
3.0599112445964800
3.0661944299036596
3.0724776152108393
3.0787608005180189
3.0850439858251986
3.0913271711323782
3.0976103564395578
3.1038935417467375
3.1101767270539171
3.1164599123610968
3.1227430976682764
3.1290262829754560
3.1353094682826357
3.1415926535898153
3.1478758388969950
3.1541590242041746
3.1604422095113542
3.1667253948185339
3.1730085801257135
3.1792917654328932
3.1855749507400728
3.1918581360472524
3.1981413213544321
3.2044245066616117
3.2107076919687914
3.2169908772759710
3.2232740625831506
3.2295572478903303
3.2358404331975099
3.2421236185046896
3.2484068038118692
3.2546899891190488
3.2609731744262285
3.2672563597334081
3.2735395450405878
3.2798227303477674
3.2861059156549470
3.2923891009621267
3.2986722862693063
3.3049554715764859
3.3112386568836656
3.3175218421908452
3.3238050274980249
3.3300882128052045
3.3363713981123841
3.3426545834195638
3.3489377687267434
3.3552209540339231
3.3615041393411027
3.3677873246482823
3.3740705099554620
3.3803536952626416
3.3866368805698213
3.3929200658770009
3.3992032511841805
3.4054864364913602
3.4117696217985398
3.4180528071057195
3.4243359924128991
3.4306191777200787
3.4369023630272584
3.4431855483344380
3.4494687336416177
3.4557519189487973
3.4620351042559769
3.4683182895631566
3.4746014748703362
3.4808846601775159
3.4871678454846955
3.4934510307918751
3.4997342160990548
3.5060174014062344
3.5123005867134141
3.5185837720205937
3.5248669573277733
3.5311501426349530
3.5374333279421326
3.5437165132493122
3.5499996985564919
3.5562828838636715
3.5625660691708512
3.5688492544780308
3.5751324397852104
3.5814156250923901
3.5876988103995697
3.5939819957067494
3.6002651810139290
3.6065483663211086
3.6128315516282883
3.6191147369354679
3.6253979222426476
3.6316811075498272
3.6379642928570068
3.6442474781641865
3.6505306634713661
3.6568138487785458
3.6630970340857254
3.6693802193929050
3.6756634047000847
3.6819465900072643
3.6882297753144440
3.6945129606216236
3.7007961459288032
3.7070793312359829
3.7133625165431625
3.7196457018503422
3.7259288871575218
3.7322120724647014
3.7384952577718811
3.7447784430790607
3.7510616283862404
3.7573448136934200
3.7636279990005996
3.7699111843077793
3.7761943696149589
3.7824775549221386
3.7887607402293182
3.7950439255364978
3.8013271108436775
3.8076102961508571
3.8138934814580367
3.8201766667652164
3.8264598520723960
3.8327430373795757
3.8390262226867553
3.8453094079939349
3.8515925933011146
3.8578757786082942
3.8641589639154739
3.8704421492226535
3.8767253345298331
3.8830085198370128
3.8892917051441924
3.8955748904513721
3.9018580757585517
3.9081412610657313
3.9144244463729110
3.9207076316800906
3.9269908169872703
3.9332740022944499
3.9395571876016295
3.9458403729088092
3.9521235582159888
3.9584067435231685
3.9646899288303481
3.9709731141375277
3.9772562994447074
3.9835394847518870
3.9898226700590667
3.9961058553662463
4.0023890406734255
4.0086722259806047
4.0149554112877839
4.0212385965949631
4.0275217819021423
4.0338049672093215
4.0400881525165007
4.0463713378236799
4.0526545231308591
4.0589377084380382
4.0652208937452174
4.0715040790523966
4.0777872643595758
4.0840704496667550
4.0903536349739342
4.0966368202811134
4.1029200055882926
4.1092031908954718
4.1154863762026510
4.1217695615098302
4.1280527468170094
4.1343359321241886
4.1406191174313678
4.1469023027385470
4.1531854880457262
4.1594686733529054
4.1657518586600846
4.1720350439672638
4.1783182292744430
4.1846014145816222
4.1908845998888014
4.1971677851959805
4.2034509705031597
4.2097341558103389
4.2160173411175181
4.2223005264246973
4.2285837117318765
4.2348668970390557
4.2411500823462349
4.2474332676534141
4.2537164529605933
4.2599996382677725
4.2662828235749517
4.2725660088821309
4.2788491941893101
4.2851323794964893
4.2914155648036685
4.2976987501108477
4.3039819354180269
4.3102651207252061
4.3165483060323853
4.3228314913395645
4.3291146766467437
4.3353978619539228
4.3416810472611020
4.3479642325682812
4.3542474178754604
4.3605306031826396
4.3668137884898188
4.3730969737969980
4.3793801591041772
4.3856633444113564
4.3919465297185356
4.3982297150257148
4.4045129003328940
4.4107960856400732
4.4170792709472524
4.4233624562544316
4.4296456415616108
4.4359288268687900
4.4422120121759692
4.4484951974831484
4.4547783827903276
4.4610615680975068
4.4673447534046860
4.4736279387118651
4.4799111240190443
4.4861943093262235
4.4924774946334027
4.4987606799405819
4.5050438652477611
4.5113270505549403
4.5176102358621195
4.5238934211692987
4.5301766064764779
4.5364597917836571
4.5427429770908363
4.5490261623980155
4.5553093477051947
4.5615925330123739
4.5678757183195531
4.5741589036267323
4.5804420889339115
4.5867252742410907
4.5930084595482699
4.5992916448554491
4.6055748301626283
4.6118580154698074
4.6181412007769866
4.6244243860841658
4.6307075713913450
4.6369907566985242
4.6432739420057034
4.6495571273128826
4.6558403126200618
4.6621234979272410
4.6684066832344202
4.6746898685415994
4.6809730538487786
4.6872562391559578
4.6935394244631370
4.6998226097703162
4.7061057950774954
4.7123889803846746
4.7186721656918538
4.7249553509990330
4.7312385363062122
4.7375217216133914
4.7438049069205706
4.7500880922277497
4.7563712775349289
4.7626544628421081
4.7689376481492873
4.7752208334564665
4.7815040187636457
4.7877872040708249
4.7940703893780041
4.8003535746851833
4.8066367599923625
4.8129199452995417
4.8192031306067209
4.8254863159139001
4.8317695012210793
4.8380526865282585
4.8443358718354377
4.8506190571426169
4.8569022424497961
4.8631854277569753
4.8694686130641545
4.8757517983713337
4.8820349836785129
4.8883181689856920
4.8946013542928712
4.9008845396000504
4.9071677249072296
4.9134509102144088
4.9197340955215880
4.9260172808287672
4.9323004661359464
4.9385836514431256
4.9448668367503048
4.9511500220574840
4.9574332073646632
4.9637163926718424
4.9699995779790216
4.9762827632862008
4.9825659485933800
4.9888491339005592
4.9951323192077384
5.0014155045149176
5.0076986898220968
5.0139818751292760
5.0202650604364552
5.0265482457436343
5.0328314310508135
5.0391146163579927
5.0453978016651719
5.0516809869723511
5.0579641722795303
5.0642473575867095
5.0705305428938887
5.0768137282010679
5.0830969135082471
5.0893800988154263
5.0956632841226055
5.1019464694297847
5.1082296547369639
5.1145128400441431
5.1207960253513223
5.1270792106585015
5.1333623959656807
5.1396455812728599
5.1459287665800391
5.1522119518872183
5.1584951371943975
5.1647783225015766
5.1710615078087558
5.1773446931159350
5.1836278784231142
5.1899110637302934
5.1961942490374726
5.2024774343446518
5.2087606196518310
5.2150438049590102
5.2213269902661894
5.2276101755733686
5.2338933608805478
5.2401765461877270
5.2464597314949062
5.2527429168020854
5.2590261021092646
5.2653092874164438
5.2715924727236230
5.2778756580308022
5.2841588433379814
5.2904420286451606
5.2967252139523398
5.3030083992595189
5.3092915845666981
5.3155747698738773
5.3218579551810565
5.3281411404882357
5.3344243257954149
5.3407075111025941
5.3469906964097733
5.3532738817169525
5.3595570670241317
5.3658402523313109
5.3721234376384901
5.3784066229456693
5.3846898082528485
5.3909729935600277
5.3972561788672069
5.4035393641743861
5.4098225494815653
5.4161057347887445
5.4223889200959237
5.4286721054031029
5.4349552907102820
5.4412384760174612
5.4475216613246404
5.4538048466318196
5.4600880319389988
5.4663712172461780
5.4726544025533572
5.4789375878605364
5.4852207731677156
5.4915039584748948
5.4977871437820740
5.5040703290892532
5.5103535143964324
5.5166366997036116
5.5229198850107908
5.5292030703179700
5.5354862556251492
5.5417694409323284
5.5480526262395076
5.5543358115466868
5.5606189968538660
5.5669021821610452
5.5731853674682243
5.5794685527754035
5.5857517380825827
5.5920349233897619
5.5983181086969411
5.6046012940041203
5.6108844793112995
5.6171676646184787
5.6234508499256579
5.6297340352328371
5.6360172205400163
5.6423004058471955
5.6485835911543747
5.6548667764615539
5.6611499617687331
5.6674331470759123
5.6737163323830915
5.6799995176902707
5.6862827029974499
5.6925658883046291
5.6988490736118083
5.7051322589189875
5.7114154442261666
5.7176986295333458
5.7239818148405250
5.7302650001477042
5.7365481854548834
5.7428313707620626
5.7491145560692418
5.7553977413764210
5.7616809266836002
5.7679641119907794
5.7742472972979586
5.7805304826051378
5.7868136679123170
5.7930968532194962
5.7993800385266754
5.8056632238338546
5.8119464091410338
5.8182295944482130
5.8245127797553922
5.8307959650625714
5.8370791503697506
5.8433623356769298
5.8496455209841089
5.8559287062912881
5.8622118915984673
5.8684950769056465
5.8747782622128257
5.8810614475200049
5.8873446328271841
5.8936278181343633
5.8999110034415425
5.9061941887487217
5.9124773740559009
5.9187605593630801
5.9250437446702593
5.9313269299774385
5.9376101152846177
5.9438933005917969
5.9501764858989761
5.9564596712061553
5.9627428565133345
5.9690260418205137
5.9753092271276929
5.9815924124348721
5.9878755977420512
5.9941587830492304
6.0004419683564096
6.0067251536635888
6.0130083389707680
6.0192915242779472
6.0255747095851264
6.0318578948923056
6.0381410801994848
6.0444242655066640
6.0507074508138432
6.0569906361210224
6.0632738214282016
6.0695570067353808
6.0758401920425600
6.0821233773497392
6.0884065626569184
6.0946897479640976
6.1009729332712768
6.1072561185784560
6.1135393038856352
6.1198224891928144
6.1261056744999935
6.1323888598071727
6.1386720451143519
6.1449552304215311
6.1512384157287103
6.1575216010358895
6.1638047863430687
6.1700879716502479
6.1763711569574271
6.1826543422646063
6.1889375275717855
6.1952207128789647
6.2015038981861439
6.2077870834933231
6.2140702688005023
6.2203534541076815
6.2266366394148607
6.2329198247220399
6.2392030100292191
6.2454861953363983
6.2517693806435775
6.2580525659507567
6.2643357512579358
6.2706189365651150
6.2769021218722942
6.2831853071794734
6.2894684924866526
